0.058601
0.066658
0.054727
0.049993
0.038197
0.034387
0.034611
0.038203
0.045035
0.038113
0.051616
0.045864
0.044281
0.053779
0.065830
0.066727
0.086610
0.040112
0.040497
0.046113
0.084712
0.054546
0.036379
0.055023
0.048248
0.047209
0.044890
0.054000
0.054448
0.071560
0.048824
0.043980
0.061163
0.043017
0.041547
0.031903
0.050310
0.034655
0.035035
0.033888
0.044487
0.052131
0.059737
0.040821
0.050203
0.040875
0.056598
0.059614
0.043462
0.051617
0.038576
0.046092
0.067864
0.089489
0.081626
0.054857
0.055597
0.072181
0.056463
0.061672
