0.066134
0.039294
0.058619
0.033978
0.032774
0.048434
0.037759
0.039264
0.060681
0.033769
0.055700
0.034487
0.056412
0.078238
0.065457
0.063780
0.059304
0.033352
0.040357
0.054124
0.050053
0.053962
0.038551
0.038390
0.056221
0.037397
0.035379
0.040864
0.039147
0.061461
0.069368
0.067448
0.052439
0.034041
0.034051
0.038075
0.042086
0.061817
0.038576
0.038745
0.066896
0.054745
0.056959
0.058028
0.060735
0.081683
0.065146
0.060465
0.042513
0.055554
0.032962
0.056909
0.047706
0.057261
0.048659
0.042848
0.059479
0.054558
0.074959
0.122871
