0.037233
0.058371
0.062675
0.085066
0.034962
0.059149
0.048979
0.048085
0.042058
0.053212
0.037224
0.053423
0.043085
0.057908
0.051003
0.053135
0.052255
0.056132
0.052695
0.038732
0.035815
0.056895
0.037245
0.058028
0.038695
0.057674
0.057992
0.040496
0.059991
0.065103
0.037665
0.060647
0.057910
0.054436
0.034633
0.034855
0.055690
0.053156
0.059754
0.056295
0.059254
0.065579
0.039502
0.050025
0.057289
0.055765
0.036880
0.055085
0.053691
0.037120
0.055598
0.074671
0.052269
0.033346
0.036724
0.035571
0.077807
0.067290
0.057815
0.032281
