0.050871
0.042381
0.048128
0.060069
0.057347
0.040179
0.049126
0.035886
0.055519
0.053502
0.059275
0.040773
0.035596
0.055861
0.057120
0.039907
0.055527
0.062889
0.058873
0.044397
0.055222
0.055468
0.062504
0.055953
0.060011
0.057727
0.037478
0.054005
0.062995
0.077617
0.056559
0.044971
0.055212
0.080792
0.055259
0.057160
0.061359
0.054700
0.052757
0.036671
0.052176
0.053112
0.051900
0.050705
0.078138
0.042249
0.058057
0.054914
0.060709
0.060827
0.060851
0.081576
0.060221
0.057798
0.039654
0.036090
0.059028
0.045230
0.057634
0.040421
