0.051871
0.070759
0.059124
0.090574
0.057176
0.054758
0.083302
0.051716
0.060014
0.046934
0.059384
0.065645
0.059622
0.085476
0.066972
0.065357
0.030974
0.098817
0.066313
0.053734
0.052535
0.058767
0.042702
0.066086
0.054587
0.065533
0.055151
0.050279
0.066844
0.052750
0.042157
0.053669
0.101004
0.083623
0.084394
0.030138
0.063213
0.049112
0.041320
0.066988
0.065476
0.048116
0.047091
0.047731
0.064328
0.050539
0.050680
0.134907
0.065191
0.030611
0.050817
0.387930
0.029332
0.056933
0.053009
0.048397
0.095691
0.046451
0.072677
0.103399
